Time	Pred_PWRES	PWRES	Pred_IWRES_Mode	IWRES_Mode	Pred_NPDE	NPDE	
0.5	14.693	-0.67851	10.643	0.27894	14.693	-0.55395
1	11.401	-1.0489	7.7338	-0.58366	11.401	-1.0542
4	3.1739	-1.0242	1.6821	-0.25916	3.1739	-1.108
12	0.93251	-0.46413	0.44895	0.81591	0.93251	-0.36006
24	0.44338	-1.6474	0.14132	-1.6032	0.44338	-1.9968
0.5	21.645	-1.4625	11.518	-0.86384	21.645	-2.1237
1	13.667	-0.52697	9.4273	0.33873	13.667	-0.47871
4	1.9612	0.90488	3.1356	0.6702	1.9612	0.97413
12	0.83888	-0.55815	0.65059	-0.4709	0.83888	-0.44542
24	0.39289	-0.011716	0.30115	0.34796	0.39289	0.15404
0.5	14.574	3.1997	31.893	0.80891	14.574	2.3414
1	11.34	3.2237	24.906	-0.13241	11.34	2.1537
4	3.194	3.4279	7.49	0.74174	3.194	2.5209
12	0.9353	1.8715	3.0199	-0.51095	0.9353	1.7775
24	0.44463	4.1007	2.065	1.1242	0.44463	2.3595
0.5	14.342	-0.23322	14.038	-0.28223	14.342	-0.086586
1	11.218	0.38306	11.476	0.59379	11.218	0.46494
4	3.2324	0.64433	3.978	0.40356	3.2324	0.69042
12	0.94093	0.13434	1.08	0.34497	0.94093	0.30799
24	0.44712	-0.35113	0.51644	-0.57291	0.44712	-0.26058
0.5	19.373	-1.1741	11.426	-0.88945	19.373	-1.4163
1	15.075	-0.67395	9.941	0.54441	15.075	-0.61373
4	4.5486	0.21715	4.8034	0.36919	4.5486	0.35183
12	1.7475	0.039122	1.7053	0.49675	1.7475	0.20485
24	0.99325	-0.42276	0.86407	-0.39232	0.99325	-0.31561
0.5	16.234	4.0932	37.114	1.7929	16.234	2.5639
1	13.295	1.2051	24.387	-1.3178	13.295	1.1706
4	4.9388	-1.0379	2.6914	0.39326	4.9388	-1.063
12	1.8183	-1.4124	0.79246	-0.93974	1.8183	-1.6829
24	1.0336	-0.88788	0.57739	-0.39394	1.0336	-0.95185
0.5	15.248	1.0313	22.673	0.040185	15.248	1.112
1	12.675	1.7157	18.929	0.74165	12.675	1.4981
4	5.0242	1.6631	7.1286	0.50191	5.0242	1.5941
12	1.8481	0.37513	1.9434	0.69722	1.8481	0.52791
24	1.0489	-0.58849	1.1737	-1.2552	1.0489	-0.42252
0.5	14.229	-0.83998	9.6015	-0.072966	14.229	-0.89807
1	11.159	-0.75241	8.0417	-0.057077	11.159	-0.75229
4	3.2509	0.036085	3.1309	0.40517	3.2509	0.1235
12	0.94378	-0.23316	0.81829	0.23016	0.94378	-0.11182
24	0.44837	-0.67847	0.33505	-0.54731	0.44837	-0.6321
0.5	12.011	-0.68544	8.7041	-0.035367	12.011	-0.62636
1	9.8763	-0.75665	6.9281	-0.068821	9.8763	-0.63722
4	3.5633	-1.246	2.1288	-0.81694	3.5633	-1.3529
12	1.0159	-0.65444	0.53029	0.40229	1.0159	-0.58962
24	0.47738	-0.26152	0.20281	0.64935	0.47738	-0.15203
0.5	15.458	-1.7892	5.0018	-0.92495	15.458	-2.6307
1	11.78	-1.6973	4.3983	-0.3224	11.78	-2.4888
4	3.0417	-0.4344	2.1211	0.6174	3.0417	-0.29462
12	0.91616	-1.1031	0.49502	-0.90071	0.91616	-1.2338
24	0.4358	-0.4312	0.15748	0.41458	0.4358	-0.40687
0.5	16.317	-0.12272	16.759	-0.36606	16.317	0.058928
1	12.172	0.84686	13.894	0.60838	12.172	0.95078
4	2.8876	1.6044	5.0545	0.71387	2.8876	1.4826
12	0.90051	0.51739	1.3145	0.098519	0.90051	0.64021
24	0.4281	0.44559	0.70911	-0.065947	0.4281	0.55078
0.5	16.234	-0.60001	15.747	-1.3931	16.234	-0.50848
1	13.295	0.34967	12.686	1.3956	13.295	0.6048
4	4.9388	-0.52987	4.4608	-0.70251	4.9388	-0.44137
12	1.8183	-0.071433	1.7406	0.20484	1.8183	0.092995
24	1.0336	0.16091	1.0083	0.43271	1.0336	0.29861
0.5	14.008	-0.15644	14.668	-0.26654	14.008	0.024409
1	11.04	0.46484	12.136	0.49731	11.04	0.62222
4	3.2863	0.95693	4.5128	0.36442	3.2863	1.0164
12	0.94952	0.2495	1.3711	-0.17307	0.94952	0.41086
24	0.45084	0.86838	0.73722	0.66491	0.45084	0.96395
0.5	15.594	-0.16607	13.606	0.53414	15.594	-0.035035
1	11.844	-1.0189	8.615	-1.0611	11.844	-1.1736
4	3.0176	-1.1801	1.2677	-0.18775	3.0176	-1.3025
12	0.9135	-0.50025	0.45854	0.54728	0.9135	-0.37009
24	0.43453	-0.62449	0.16127	0.03917	0.43453	-0.53564
0.5	13.59	0.66478	15.096	1.1074	13.59	0.84328
1	10.81	-0.37966	11.433	-1.3696	10.81	-0.28025
4	3.3513	-0.12449	2.846	0.45373	3.3513	-0.041918
12	0.96118	-0.38856	0.82628	-0.14676	0.96118	-0.24291
24	0.45576	-0.26641	0.38103	0.010966	0.45576	-0.16188
0.5	13.839	-0.89679	8.2534	0.31949	13.839	-1.0108
1	11.742	-1.097	7.3363	-0.7032	11.742	-1.3126
4	5.103	-0.47512	3.9032	0.24659	5.103	-0.36867
12	1.8983	-0.65282	1.4013	-0.20054	1.8983	-0.58848
24	1.0737	-0.42771	0.68235	0.23472	1.0737	-0.29627
0.5	16.543	0.20151	17.798	0.23134	16.543	0.43811
1	13.484	0.38428	15.432	-0.20051	13.484	0.51143
4	4.9077	1.8863	6.932	1.0891	4.9077	1.7788
12	1.8098	-0.25399	1.7573	-0.1722	1.8098	-0.081348
24	1.0291	-0.26997	0.95768	-0.23172	1.0291	-0.1419
0.5	12.659	-1.3906	5.8037	-0.09642	12.659	-1.8781
1	10.271	-1.5651	4.8947	-0.47811	10.271	-1.9971
4	3.4837	-1.2146	1.9069	-0.6557	3.4837	-1.2686
12	0.99124	-1.1447	0.3936	-0.67295	0.99124	-1.3664
24	0.46787	0.23719	0.13608	1.8755	0.46787	0.40568
0.5	14.623	-0.53264	12.376	-0.30137	14.623	-0.42441
1	12.268	-0.22616	10.747	0.34135	12.268	-0.060985
4	5.066	0.25296	5.1084	0.34413	5.066	0.4217
12	1.8693	-0.36661	1.7993	-0.34039	1.8693	-0.25828
24	1.0595	0.099301	1.0094	0.5062	1.0595	0.26111
0.5	14.118	-0.011359	14.93	-0.13175	14.118	0.23497
1	11.099	0.085787	10.097	0.68597	11.099	0.25545
4	3.2689	-1.4339	1.3599	-0.50538	3.2689	-1.6255
12	0.94664	-0.96211	0.34282	0.058024	0.94664	-1.0718
24	0.4496	-1.6616	0.15835	-1.6333	0.4496	-2.187
0.5	22.27	0.43808	24.619	0.51498	22.27	0.6102
1	16.429	0.24763	18.054	-0.3869	16.429	0.31498
4	4.0985	0.21858	4.5119	0.31611	4.0985	0.3729
12	1.7052	0.026177	2.0656	-0.35423	1.7052	0.23212
24	0.96422	0.62868	1.285	0.71613	0.96422	0.7406
0.5	18.314	3.8371	41.125	1.2072	18.314	2.3649
1	14.509	1.5467	23.864	-0.58832	14.509	1.5433
4	4.6962	0.50638	5.4989	0.10039	4.6962	0.59225
12	1.7678	2.1493	3.9785	0.34649	1.7678	1.9191
24	1.0056	2.4666	2.6911	0.41876	1.0056	1.866
0.5	18.722	0.54386	22.416	0.36339	18.722	0.72195
1	14.731	0.72173	17.71	0.10867	14.731	0.86037
4	4.6409	0.34834	4.8941	0.42375	4.6409	0.48691
12	1.7596	-0.99314	1.108	-0.96199	1.7596	-1.0701
24	1.0007	-0.15601	0.71505	0.51397	1.0007	0.027899
0.5	13.692	-0.78868	12.346	-1.488	13.692	-0.89061
1	10.867	0.45916	10.652	1.2031	10.867	0.56223
4	3.3358	1.2902	4.9786	0.31114	3.3358	1.2967
12	0.95824	1.052	1.8037	0.37346	0.95824	1.0752
24	0.45453	1.001	0.9396	0.34232	0.45453	1.0826
0.5	17.032	0.51306	23.055	-0.4377	17.032	0.65933
1	13.777	1.3965	20.001	0.1877	13.777	1.2763
4	4.8545	4.0055	10.543	1.2638	4.8545	2.92
12	1.797	4.1682	5.7796	0.68811	1.797	2.6909
24	1.0222	3.8149	3.8559	0.39967	1.0222	2.5411
0.5	15.324	0.6373	17.417	0.79259	15.324	0.7348
1	11.715	-0.60204	9.4583	-0.28556	11.715	-0.54073
4	3.0652	-1.8301	0.48698	-0.48675	3.0652	-2.4008
12	0.91883	-2.081	0.18298	-2.39	0.91883	-3.3372
24	0.43707	-1.4737	0.10038	-1.3376	0.43707	-1.7648
0.5	12.659	-0.88464	9.6221	-1.0002	12.659	-0.93177
1	10.271	-0.22515	8.1233	0.85699	10.271	-0.086242
4	3.4837	-0.080057	3.2256	0.044697	3.4837	0.049429
12	0.99124	-0.74221	0.79801	-0.75821	0.99124	-0.77756
24	0.46787	0.29927	0.36575	1.0986	0.46787	0.44932
0.5	19.601	-1.2464	11.261	-0.71126	19.601	-1.5343
1	15.193	-0.97321	8.8276	0.51408	15.193	-1.1065
4	4.5151	-1.077	2.8232	-0.61477	4.5151	-1.2043
12	1.7435	-0.44852	0.90147	1.0633	1.7435	-0.32741
24	0.99071	-1.925	0.31711	-2.5483	0.99071	-3.3077
0.5	14.457	-0.21321	13.674	-0.019805	14.457	-0.022454
1	11.279	0.021548	10.744	0.22671	11.279	0.15354
4	3.2135	0.057373	3.3508	0.033185	3.2135	0.19005
12	0.93811	0.20363	1.1027	0.56091	0.93811	0.48846
24	0.44588	-0.29839	0.48105	-0.26727	0.44588	-0.18282
0.5	15.065	0.76912	17.606	0.76078	15.065	0.80294
1	11.588	0.25139	13.753	-0.74216	11.588	0.40413
4	3.1104	0.91384	4.1763	0.51318	3.1104	0.95676
12	0.92424	0.6862	1.5037	0.0084982	0.92424	0.75468
24	0.43961	0.88546	0.78974	0.46388	0.43961	0.95568
0.5	19.836	0.6258	24.938	0.0010139	19.836	0.72887
1	15.312	0.52329	16.132	0.39889	15.312	0.66518
4	4.4803	-1.0172	3.4397	-1.1826	4.4803	-1.0864
12	1.7395	0.70317	2.0049	1.2263	1.7395	0.76828
24	0.98816	0.080759	1.1725	-0.24503	0.98816	0.33497
0.5	13.014	2.0965	22.342	1.007	13.014	1.7518
1	10.481	1.607	17.859	-0.27323	10.481	1.4978
4	3.4355	1.3044	5.092	0.75577	3.4355	1.3455
12	0.97909	-0.19435	0.91728	0.11433	0.97909	-0.076442
24	0.46305	-0.75519	0.55693	-1.2741	0.46305	-0.78718
0.5	12.871	-0.55781	10.871	-0.15183	12.871	-0.50269
1	11.07	-0.44468	9.7879	-0.1407	11.07	-0.2795
4	5.1218	0.83724	5.8558	0.566	5.1218	0.89021
12	1.9378	1.5638	2.9568	1.1711	1.9378	1.5309
24	1.0929	0.3639	1.7286	-0.53239	1.0929	0.52249
0.5	15.248	-1.4281	7.5567	-0.76593	15.248	-1.8744
1	12.675	-1.3412	6.9474	-0.51284	12.675	-1.645
4	5.0242	0.25801	4.3309	1.4501	5.0242	0.46507
12	1.8481	-0.30836	1.6734	-0.03447	1.8481	-0.15631
24	1.0489	-0.73169	0.77229	-0.45323	1.0489	-0.68161
0.5	16.317	-0.19241	15.232	0.18041	16.317	-0.055765
1	12.172	-0.15	11.664	-0.20392	12.172	-0.066744
4	2.8876	0.18616	3.2939	0.066036	2.8876	0.27315
12	0.90051	0.22213	1.1904	0.0588	0.90051	0.42574
24	0.4281	0.6942	0.5909	0.78992	0.4281	0.85219
0.5	12.745	0.50724	15.788	0.34008	12.745	0.61606
1	10.323	0.52582	11.899	0.3496	10.323	0.60303
4	3.4722	-0.54523	2.5564	0.16352	3.4722	-0.41898
12	0.98819	-0.93281	0.50264	-0.36921	0.98819	-0.93754
24	0.46667	-1.1296	0.26508	-1.0158	0.46667	-1.1457
0.5	18.933	-0.67002	15.321	-0.66279	18.933	-0.61888
1	14.845	-0.057705	13.197	0.44138	14.845	0.093744
4	4.6114	1.3303	6.5198	0.51191	4.6114	1.3308
12	1.7555	1.4675	3.0847	0.62607	1.7555	1.4405
24	0.99826	1.051	1.834	0.14944	0.99826	1.0838
0.5	13.945	2.8376	28.195	1.2723	13.945	2.0579
1	11.814	1.4777	20.119	-0.59712	11.814	1.3695
4	5.0991	-0.15902	4.286	0.25475	5.0991	-0.052521
12	1.8942	-0.066471	1.8139	0.22769	1.8942	0.12404
24	1.0717	-0.32546	1.0863	-0.52698	1.0717	-0.12744
0.5	21.967	-0.32432	20.079	-0.13178	21.967	-0.15765
1	16.302	0.28938	16.723	0.23243	16.302	0.37864
4	4.1473	1.2961	6.1771	0.76959	4.1473	1.272
12	1.7089	-0.39583	1.6042	-0.39261	1.7089	-0.24254
24	0.96697	-0.063398	0.97099	0.29324	0.96697	0.13497
0.5	16.865	0.84651	24.145	-0.27929	16.865	0.88826
1	13.678	1.9364	19.741	0.97939	13.678	1.708
4	4.8731	1.119	6.2111	0.58965	4.8731	1.1183
12	1.8013	-1.1277	0.91678	-0.52899	1.8013	-1.0905
24	1.0246	-1.0337	0.55596	-0.84723	1.0246	-1.2269
0.5	15.653	-1.0433	9.4641	-0.25669	15.653	-1.2365
1	12.934	-0.9972	8.5469	-0.27551	12.934	-1.0696
4	4.9918	0.39084	5.0358	0.63805	4.9918	0.44748
12	1.8354	0.27612	2.2652	0.027372	1.8354	0.40896
24	1.0425	0.56223	1.2909	0.50348	1.0425	0.69069
0.5	17.463	-0.65243	15.633	-0.93162	17.463	-0.56015
1	12.639	0.088829	11.07	0.98436	12.639	0.17413
4	2.6779	-0.81289	1.9601	-0.53787	2.6779	-0.75065
12	0.88313	-0.56884	0.56486	-0.037582	0.88313	-0.55222
24	0.41894	0.0076398	0.27846	0.85422	0.41894	0.17896
0.5	14.693	0.34861	16.601	0.18621	14.693	0.53973
1	11.401	-0.10822	10.163	0.10205	11.401	0.03335
4	3.1739	-1.5533	1.1076	-0.94583	3.1739	-1.7642
12	0.93251	-0.52291	0.41975	0.66465	0.93251	-0.40662
24	0.44338	-0.49355	0.19198	0.099578	0.44338	-0.40279
0.5	13.335	0.70162	18.307	0.1467	13.335	0.85938
1	11.395	1.0053	15.534	0.1563	11.395	1.0312
4	5.1167	1.6697	7.1803	0.38953	5.1167	1.4787
12	1.9183	1.1938	3.5216	-0.21555	1.9183	1.1609
24	1.0834	2.1173	2.393	0.96401	1.0834	1.7605
0.5	14.275	-0.72591	10.846	-0.10777	14.275	-0.64443
1	12.036	-0.81833	9.7643	-0.88898	12.036	-0.75818
4	5.0847	1.2139	5.3547	1.7502	5.0847	1.1989
12	1.8818	-0.60208	1.5614	-0.69373	1.8818	-0.55934
24	1.0656	-0.71939	0.67657	-0.46202	1.0656	-0.74534
0.5	13.901	2.1861	25.1	0.88866	13.901	1.8539
1	10.982	0.74319	13.608	0.13434	10.982	0.81589
4	3.3033	-1.8652	0.80453	-1.0676	3.3033	-2.7547
12	0.95241	-0.79723	0.36486	0.28838	0.95241	-0.75248
24	0.45207	-1.1422	0.22042	-1.1575	0.45207	-1.3407
0.5	18.933	-0.76698	15.424	-0.69826	18.933	-0.75149
1	14.845	-0.053176	12.994	0.65476	14.845	0.067608
4	4.6114	0.40097	5.4175	0.24537	4.6114	0.4157
12	1.7555	-0.094256	1.9743	-0.26866	1.7555	-0.0063797
24	0.99826	0.43359	1.1749	0.68764	0.99826	0.59266
0.5	15.324	-0.80884	10.605	-0.081047	15.324	-0.76404
1	11.715	-0.86402	7.9339	-0.26165	11.715	-0.84914
4	3.0652	-1.0054	1.8273	-0.48413	3.0652	-1.0958
12	0.91883	-0.64576	0.47298	0.053788	0.91883	-0.61401
24	0.43707	0.18863	0.19427	1.2792	0.43707	0.36165
0.5	19.836	1.9645	33.648	0.67071	19.836	1.7617
1	15.312	1.7957	23.261	0.2536	15.312	1.613
4	4.4803	-0.34488	3.7045	0.12231	4.4803	-0.29992
12	1.7395	-0.46691	1.3225	-0.22428	1.7395	-0.34308
24	0.98816	-0.10291	0.89683	-0.0057611	0.98816	0.074068
0.5	16.234	-0.64397	10.548	0.84022	16.234	-0.58215
1	13.295	-1.4391	7.9566	-1.654	13.295	-2.1265
4	4.9388	-1.7468	1.8248	-0.053101	4.9388	-2.0853
12	1.8183	-1.4625	0.39991	-0.45705	1.8183	-2.0925
24	1.0336	-1.5508	0.1556	-1.1178	1.0336	-2.1733
0.5	14.743	-0.0025667	18.657	-1.299	14.743	0.12449
1	12.347	1.3085	14.495	1.6964	12.347	1.2853
4	5.0588	-0.72193	4.003	-0.55009	5.0588	-0.64434
12	1.8651	-0.46231	1.2077	0.50667	1.8651	-0.34271
24	1.0574	-1.0008	0.6607	-0.93265	1.0574	-1.0879
0.5	12.659	-1.6057	6.482	-1.9953	12.659	-2.0044
1	10.271	-0.81065	5.6571	1.2878	10.271	-0.88364
4	3.4837	-0.73956	2.7243	-0.6982	3.4837	-0.72505
12	0.99124	0.011355	0.80455	0.90883	0.99124	0.2014
24	0.46787	-0.92855	0.29408	-0.92044	0.46787	-1.1245
0.5	12.489	-0.54498	9.7679	0.17365	12.489	-0.44649
1	10.17	-0.70573	7.7538	-0.31962	10.17	-0.70129
4	3.5056	-0.90824	2.7088	-1.0504	3.5056	-0.84842
12	0.99737	0.39479	0.96925	1.2946	0.99737	0.57546
24	0.47026	-0.6077	0.36913	-0.3983	0.47026	-0.56408
0.5	18.933	-1.0807	12.914	-1.0517	18.933	-1.2031
1	14.845	-0.40346	10.727	0.84355	14.845	-0.28133
4	4.6114	-0.37623	4.2601	-0.37734	4.6114	-0.28018
12	1.7555	-0.36112	1.5843	-0.1716	1.7555	-0.22855
24	0.99826	0.16144	0.88543	0.79531	0.99826	0.37777
0.5	16.702	0.33375	19.199	0.1976	16.702	0.52808
1	13.58	0.56668	15.466	0.27049	13.58	0.62066
4	4.8909	0.10815	4.5774	0.47947	4.8909	0.25628
12	1.8055	-1.452	0.8015	-1.3022	1.8055	-1.8734
24	1.0268	-0.7124	0.4865	0.18194	1.0268	-0.67395
0.5	13.839	-0.29208	13.422	-0.49635	13.839	-0.082263
1	11.742	0.3028	11.758	0.53698	11.742	0.40456
4	5.103	1.0136	5.5756	0.84812	5.103	1.0939
12	1.8983	-0.61488	1.4364	-0.24238	1.8983	-0.58169
24	1.0737	-0.72911	0.70812	-0.48755	1.0737	-0.74672
0.5	13.839	0.58189	16.226	0.79532	13.839	0.69713
1	11.742	-0.28174	12.223	-0.93813	11.742	-0.20797
4	5.103	-0.73215	4.1839	-0.49136	5.103	-0.68044
12	1.8983	0.59547	2.2553	0.7883	1.8983	0.61053
24	1.0737	0.013255	1.2405	-0.038924	1.0737	0.14893
0.5	15.874	1.1148	22.74	0.2649	15.874	1.1783
1	11.974	1.222	15.687	0.37512	11.974	1.1684
4	2.9675	-0.20677	2.809	-0.080804	2.9675	-0.12054
12	0.90825	0.17481	1.0979	0.10075	0.90825	0.3345
24	0.43197	0.55269	0.60006	0.39625	0.43197	0.66994
0.5	16.787	-1.2228	13.538	-2.125	16.787	-1.3268
1	12.372	0.34718	10.952	1.4352	12.372	0.46016
4	2.8017	0.30128	4.201	-0.74853	2.8017	0.44749
12	0.89295	1.5167	1.815	0.84073	0.89295	1.367
24	0.4242	1.2202	0.93449	0.56232	0.4242	1.1469
0.5	13.392	-0.35325	14.199	-1.1361	13.392	-0.22822
1	10.698	0.7499	12.144	0.9797	10.698	0.78887
4	3.3811	1.5939	5.0574	0.98807	3.3811	1.3945
12	0.9671	-0.48203	1.1649	-1.0547	0.9671	-0.31205
24	0.4582	0.57552	0.59798	0.6937	0.4582	0.73018
0.5	117.14	-0.39424	121.33	-1.165	117.14	-0.24369
1	96.901	0.66217	102.81	1.2035	96.901	0.79596
4	35.957	0.59848	46.77	-0.42952	35.957	0.69125
12	10.284	1.3888	20.61	0.23554	10.284	1.2326
24	4.8209	1.59	11.681	0.51883	4.8209	1.4677
0.5	163.17	-0.0085122	175.48	-0.3278	163.17	0.23079
1	121.72	0.52236	133.56	0.52773	121.72	0.7022
4	28.876	1.0011	43.658	-0.081243	28.876	1.005
12	9.0051	1.6857	20.015	0.6586	9.0051	1.5414
24	4.281	1.0598	9.526	0.023662	4.281	1.1395
0.5	146.23	-0.26393	116.9	1.0416	146.23	-0.12191
1	122.68	-0.93403	98.861	-1.6349	122.68	-1.0533
4	50.66	-0.36148	40.105	0.42411	50.66	-0.27911
12	18.693	-0.88899	10.993	-0.0053958	18.693	-0.92339
24	10.595	-0.8208	5.407	0.0075398	10.595	-0.81384
0.5	159.37	-0.34849	152.67	-0.43228	159.37	-0.17188
1	131.12	-0.029215	119.51	0.62313	131.12	0.1146
4	49.668	-0.94696	32.307	-0.19659	49.668	-0.98507
12	18.268	-1.1575	8.0007	-0.48418	18.268	-1.3778
24	10.381	-0.82387	4.7051	0.5863	10.381	-0.82875
0.5	127.45	-0.24771	137.98	-1.0194	127.45	-0.12263
1	103.23	0.24736	95.726	1.1804	103.23	0.36237
4	34.722	-1.2772	17.077	-0.73354	34.722	-1.4862
12	9.8819	-0.78075	5.3629	0.5924	9.8819	-0.7392
24	4.6667	-0.79083	2.1733	-0.12119	4.6667	-0.80559
0.5	147.43	-0.071039	149.83	0.093776	147.43	0.083297
1	123.47	-0.22142	113.22	0.013109	123.47	-0.051141
4	50.588	-0.72777	45.654	-1.4855	50.588	-0.67603
12	18.651	1.2768	26.709	1.6174	18.651	1.2607
24	10.574	0.22696	14.174	-0.54311	10.574	0.45926
0.5	213.77	0.022839	213.98	0.020437	213.77	0.17359
1	136.4	-0.11807	118.57	0.16627	136.4	-0.0019375
4	20.021	-0.86995	11.308	-0.18142	20.021	-0.99551
12	8.4119	-0.48953	5.6107	0.23735	8.4119	-0.3649
24	3.9431	-0.40903	2.8267	0.25072	3.9431	-0.16713
0.5	137.35	-0.024684	147.09	-0.13192	137.35	0.14026
1	116.71	0.19629	118.64	0.49589	116.71	0.3184
4	51.065	-0.72806	36.117	0.045155	51.065	-0.71968
12	19.023	-1.37	7.3217	-0.40581	19.023	-1.5169
24	10.756	-0.96157	4.1517	0.34069	10.756	-1.0119
0.5	159.37	0.41723	189.7	0.25128	159.37	0.50455
1	131.12	0.62291	155.85	0.052299	131.12	0.59094
4	49.668	0.38897	52.064	0.52876	49.668	0.46001
12	18.268	-0.97353	10.781	-0.53769	18.268	-1.0518
24	10.381	-0.54347	6.5699	0.38416	10.381	-0.35794
0.5	125.73	1.6829	206.16	0.96692	125.73	1.4783
1	102.2	0.9229	152.59	-0.50942	102.2	1.0137
4	34.948	0.28348	36.597	0.29421	34.948	0.4159
12	9.9431	0.28369	13.281	0.11174	9.9431	0.45869
24	4.6906	0.44117	6.9498	0.099747	4.6906	0.70285
0.5	149.38	1.9796	239.03	1.0514	149.38	1.7385
1	115.25	-0.22332	119.39	-1.0881	115.25	-0.08143
4	31.322	0.32254	34.61	0.2916	31.322	0.3941
12	9.2698	1.3464	18.865	0.40058	9.2698	1.2307
24	4.4087	0.67029	7.6854	-0.014916	4.4087	0.89001
0.5	145.74	1.2319	207.46	0.64105	145.74	1.241
1	113.4	1.2807	169.09	-0.32282	113.4	1.2424
4	31.94	2.5707	63.177	0.94885	31.94	2.1084
12	9.353	1.9327	23.501	0.46532	9.353	1.6553
24	4.4463	1.3531	11.555	-0.29054	4.4463	1.3062
0.5	158.74	0.22104	163.71	0.68755	158.74	0.40506
1	119.74	-0.51249	103.04	-0.504	119.74	-0.37514
4	29.675	-0.88161	16.91	0.1749	29.675	-0.89176
12	9.0825	-0.56254	5.9906	0.20884	9.0825	-0.40247
24	4.3197	-0.76938	1.781	-0.19854	4.3197	-0.91477
0.5	156.53	-1.3955	60.19	0.82013	156.53	-1.9298
1	129.34	-1.7902	53.035	-1.1602	129.34	-2.8352
4	49.918	-1.7358	30.297	-2.3547	49.918	-2.0006
12	18.354	-0.21937	16.865	0.13934	18.354	-0.037104
24	10.425	0.06028	10.201	0.78309	10.425	0.34143
0.5	163.17	-0.86611	117.86	-0.63379	163.17	-0.88339
1	121.72	-1.0157	80.624	-0.26208	121.72	-0.99423
4	28.876	-1.1381	15.95	-0.76332	28.876	-1.2448
12	9.0051	-0.51681	7.4818	-0.55538	9.0051	-0.35306
24	4.281	0.12561	4.2482	1.3517	4.281	0.38341
0.5	135.32	1.3162	196.65	1.0174	135.32	1.2652
1	115.31	0.15636	135.6	-0.63105	115.31	0.30273
4	51.124	-0.67198	37.349	0.018335	51.124	-0.62535
12	19.104	-0.31826	15.514	0.63294	19.104	-0.18256
24	10.796	-0.97583	5.1068	-0.52618	10.796	-0.98442
0.5	254.64	0.22526	261.38	0.42044	254.64	0.38891
1	175.43	-0.8409	125.56	-0.5133	175.43	-0.78677
4	35.847	-0.78189	24.95	-0.014787	35.847	-0.77046
12	16.725	-0.026607	16.439	0.10576	16.725	0.17376
24	9.3833	-0.01732	9.0755	0.27105	9.3833	0.34007
0.5	148.65	0.31251	176.51	-0.021725	148.65	0.51496
1	124.27	0.68343	145.37	0.44573	124.27	0.80945
4	50.51	0.47207	56.393	0.11815	50.51	0.48124
12	18.609	0.29047	22.438	0.2334	18.609	0.45953
24	10.553	0.29287	13.308	0.10084	10.553	0.55508
0.5	167.02	-0.33523	139.09	0.26908	167.02	-0.20353
1	135.8	-0.37575	117.33	-0.20315	135.8	-0.25808
4	48.909	0.12743	47.855	0.35525	48.909	0.25556
12	18.055	-0.41794	14.773	0.10745	18.055	-0.28637
24	10.268	-0.45854	7.862	0.015789	10.268	-0.26466
0.5	148.65	1.0254	209.5	0.6559	148.65	1.1185
1	124.27	0.44281	159.97	-0.6275	124.27	0.61066
4	50.51	0.91829	64.56	0.10182	50.51	0.95858
12	18.609	2.6091	41.357	0.50732	18.609	2.0332
24	10.553	2.589	26.312	0.33072	10.553	1.9487
0.5	137.96	-0.55053	113.04	-0.29578	137.96	-0.43603
1	109.24	-0.44828	79.43	0.65139	109.24	-0.35815
4	33.197	-1.3057	13.581	-0.1214	33.197	-1.567
12	9.5532	-1.095	3.0074	0.24066	9.5532	-1.4025
24	4.533	-1.0452	0.91838	-0.58703	4.533	-1.7455
0.5	161.66	1.6434	250.57	0.66863	161.66	1.4631
1	121.06	1.012	170.62	-0.48656	121.06	1.0826
4	29.149	0.71091	41.266	0.23293	29.149	0.83227
12	9.0307	1.6484	23.651	-0.11756	9.0307	1.5452
24	4.294	2.3508	14.208	0.65064	4.294	1.8885
0.5	173.77	0.92228	218.85	0.89448	173.77	0.91868
1	139.79	0.14237	155.07	-0.55503	139.79	0.24729
4	48.145	-0.87738	31.083	0.18407	48.145	-0.86928
12	17.886	-0.7279	11.634	0.09297	17.886	-0.7115
24	10.176	-0.69768	6.0695	-0.080122	10.176	-0.64322
0.5	149.9	0.68465	206.76	0.012086	149.9	0.78111
1	125.09	1.0124	169.96	0.13863	125.09	1.0048
4	50.427	2.0968	81.543	0.3522	50.427	1.7608
12	18.566	3.502	49.985	0.76437	18.566	2.6849
24	10.532	2.8221	31.619	0.18356	10.532	2.0636
0.5	169.51	-0.079639	182.42	-0.92998	169.51	0.089975
1	124.39	0.56263	128.36	0.79409	124.39	0.65238
4	27.718	-0.38217	25.66	-0.49994	27.718	-0.30643
12	8.9047	0.058425	11.101	-0.51962	8.9047	0.29944
24	4.2289	0.87514	6.9002	1.1038	4.2289	0.96406
0.5	141.63	0.10569	183.93	-0.99363	141.63	0.31472
1	119.61	1.0787	139.87	1.7409	119.61	1.101
4	50.899	-1.0301	30.839	-0.1375	50.899	-1.1463
12	18.859	-1.4265	5.4271	0.43241	18.859	-1.7751
24	10.676	-1.2836	2.9025	-1.1511	10.676	-1.7468
0.5	139.45	-0.7188	108.06	-0.54832	139.45	-0.6924
1	118.14	-0.35294	95.238	0.62583	118.14	-0.2438
4	50.991	0.0066463	48.253	0.23463	50.991	0.10818
12	18.942	-0.34834	16.289	0.38482	18.942	-0.18654
24	10.717	-0.58751	8.0856	-0.22414	10.717	-0.5084
0.5	187.22	-0.54265	164.51	-0.89364	187.22	-0.40151
1	147.31	-0.043455	122.29	0.87037	147.31	0.099752
4	46.409	-0.80241	37.707	-0.97209	46.409	-0.82624
12	17.596	0.18665	19.241	0.77405	17.596	0.36681
24	10.007	-0.088093	10.516	0.031354	10.007	0.093386
0.5	142.75	1.6921	252.31	0.19015	142.75	1.5392
1	120.36	2.117	198.69	0.5759	120.36	1.955
4	50.847	1.4135	70.645	0.20686	50.847	1.4262
12	18.818	1.7256	34.518	0.6296	18.818	1.597
24	10.656	1.3299	20.514	-0.18705	10.656	1.2643
0.5	166.27	0.33452	241.29	-1.3231	166.27	0.54394
1	123.05	1.1897	150.61	1.179	123.05	1.2096
4	28.31	-0.87709	22.653	-1.2301	28.31	-0.92299
12	8.9546	0.12797	13.577	-0.95357	8.9546	0.39822
24	4.2551	1.6798	9.8303	1.685	4.2551	1.5238
0.5	129.23	-0.40453	127.57	-1.0498	129.23	-0.24777
1	104.28	0.47882	108.08	1.0621	104.28	0.69668
4	34.481	0.80589	44.84	0.19128	34.481	0.88004
12	9.8211	0.38488	13.594	-0.046982	9.8211	0.56789
24	4.6426	0.58616	7.139	0.36328	4.6426	0.80097
0.5	167.02	1.0556	228.73	0.63596	167.02	1.0923
1	135.8	0.58753	162.61	0.014681	135.8	0.70392
4	48.909	-1.2667	25.578	0.060647	48.909	-1.3124
12	18.055	-1.3651	5.5582	-0.25073	18.055	-1.7228
24	10.268	-1.0168	3.6109	0.11914	10.268	-1.2046
0.5	157.33	-0.63691	127.86	-0.33389	157.33	-0.56613
1	119.09	-0.99755	68.48	0.52694	119.09	-1.0447
4	29.929	-1.8178	3.995	-0.65479	29.929	-2.7524
12	9.1086	-1.166	1.4801	0.75262	9.1086	-1.6757
24	4.3325	-1.1358	0.6185	-0.6885	4.3325	-1.8792
0.5	139.01	-0.95791	96.929	-0.6954	139.01	-1.0875
1	109.82	-0.42881	84.863	0.41259	109.82	-0.29586
4	33.033	0.82802	41.282	0.52808	33.033	0.85327
12	9.5241	0.26607	12.903	-0.10983	9.5241	0.42035
24	4.5207	0.34412	6.1684	0.35213	4.5207	0.52274
0.5	135.9	-0.39739	108.93	0.58826	135.9	-0.25826
1	108.1	-0.91449	83.452	-1.1096	108.1	-0.88588
4	33.513	-0.28252	31.523	-0.36524	33.513	-0.19677
12	9.6118	0.41623	12.158	1.2549	9.6118	0.6145
24	4.5576	-0.51362	3.525	-0.68082	4.5576	-0.31638
0.5	153.8	1.3663	260.84	-0.29717	153.8	1.2295
1	127.6	2.1765	198.16	1.4157	127.6	1.738
4	50.141	0.13623	51.118	0.15504	50.141	0.31334
12	18.439	-0.16981	16.349	0.59032	18.439	-0.05237
24	10.468	-0.55539	8.1669	-0.86021	10.468	-0.42442
0.5	153.24	0.40014	174.95	0.44934	153.24	0.58605
1	117.15	0.1049	120.46	0.0046345	117.15	0.26316
4	30.652	-0.2977	26.042	0.13266	30.652	-0.15297
12	9.1883	-0.015634	9.3321	0.39925	9.1883	0.25656
24	4.3707	-0.47295	3.0761	-0.28284	4.3707	-0.28445
0.5	172.89	-0.038754	164.57	0.40548	172.89	0.13429
1	125.72	-0.76955	101.56	-1.1236	125.72	-0.71143
4	27.099	-0.060837	26.769	0.18108	27.099	0.074174
12	8.8556	0.77207	14.842	0.096941	8.8556	0.86631
24	4.2027	0.60859	6.7369	0.42047	4.2027	0.76973
0.5	135.9	-0.4476	118.41	-0.36961	135.9	-0.30735
1	108.1	0.027705	100.32	0.42427	108.1	0.16497
4	33.513	0.77872	44.475	0.06127	33.513	0.83846
12	9.6118	1.1399	17.444	0.28149	9.6118	1.14
24	4.5576	1.113	8.9585	0.29413	4.5576	1.129
0.5	155.15	-0.97341	96.815	-0.34576	155.15	-1.0436
1	128.46	-0.79931	84.785	0.30921	128.46	-0.82836
4	50.033	-0.39404	39.838	0.40948	50.033	-0.23967
12	18.396	-1.0255	9.2451	0.25583	18.396	-1.1246
24	10.446	-1.1524	3.7953	-0.44038	10.446	-1.4458
0.5	148.15	-0.61697	123.19	-0.47298	148.15	-0.5604
1	114.63	-0.5004	89.148	0.28903	114.63	-0.48408
4	31.533	-0.76828	26.346	-1.2213	31.533	-0.73927
12	9.2973	0.40345	11.826	1.224	9.2973	0.63519
24	4.4212	-0.17158	4.817	-0.22583	4.4212	0.16022
0.5	140.08	-0.23265	135.92	-0.21761	140.08	-0.075477
1	110.4	0.083338	106.46	0.47892	110.4	0.29731
4	32.863	0.16947	35.258	-0.035951	32.863	0.26781
12	9.4952	0.41269	12.646	0.58805	9.4952	0.64067
24	4.5084	-0.13555	4.8649	-0.20162	4.5084	0.13999
0.5	191.5	-0.41434	171.92	-0.56807	191.5	-0.25924
1	149.59	0.020347	128.55	0.7586	149.59	0.24064
4	45.807	-0.56735	38.043	-0.44953	45.807	-0.46694
12	17.515	-0.044106	16.573	0.70006	17.515	0.11412
24	9.9576	-0.43382	7.6961	-0.22733	9.9576	-0.22247
0.5	134.9	0.20734	152.51	0.18892	134.9	0.37662
1	107.54	0.38116	123.52	0.02425	107.54	0.51154
4	33.664	0.57337	40.926	0.24614	33.664	0.62669
12	9.6413	0.032547	11.89	-0.35361	9.6413	0.2409
24	4.5698	0.54776	6.7827	0.61658	4.5698	0.70349
0.5	157.33	0.048262	162.81	-0.00052551	157.33	0.1792
1	119.09	0.3957	125.64	0.317	119.09	0.4643
4	29.929	0.066417	30.536	0.2178	29.929	0.19476
12	9.1086	-0.6201	6.2803	-0.3422	9.1086	-0.48005
24	4.3325	-0.19547	3.5943	0.46439	4.3325	0.09942
0.5	127.83	-0.11596	117.23	0.64326	127.83	0.073411
1	110.07	-0.44139	102.68	-0.83841	110.07	-0.32836
4	51.219	0.40319	54.824	0.219	51.219	0.50027
12	19.416	0.74437	27.326	0.19823	19.416	0.88755
24	10.948	0.89887	16.812	0.34622	10.948	1.0333
0.5	140.08	-0.18925	134.44	-0.080944	140.08	0.013586
1	110.4	0.22096	113.79	0.03591	110.4	0.33437
4	32.863	1.6132	53.57	0.23439	32.863	1.5108
12	9.4952	2.1504	25.656	0.43622	9.4952	1.8063
24	4.5084	2.1429	14.181	0.35304	4.5084	1.671
0.5	171.18	-1.0412	97.854	0.25029	171.18	-1.1461
1	125.06	-1.2906	71.683	-0.87927	125.06	-1.6768
4	27.412	-0.59093	20.477	-0.023175	27.412	-0.50213
12	8.8801	-0.52366	5.6931	0.78525	8.8801	-0.32727
24	4.2158	-1.001	1.1234	-0.73209	4.2158	-1.485
0.5	176.41	0.63152	190.04	1.1495	176.41	0.703
1	127.05	-0.89862	88.546	-0.52311	127.05	-1.001
4	26.452	-1.1699	10.865	0.34824	26.452	-1.3885
12	8.8072	-0.93034	3.7192	-0.43554	8.8072	-1.185
24	4.1762	-0.97743	0.78901	-0.19202	4.1762	-1.6217
0.5	167.87	-1.6114	72.553	-1.1879	167.87	-2.2501
1	123.72	-1.1715	61.685	0.43144	123.72	-1.4306
4	28.017	0.034251	29.342	0.05971	28.017	0.13519
12	8.9295	0.16838	9.6535	1.2046	8.9295	0.40997
24	4.242	-0.75874	2.3987	-1.0832	4.242	-0.84674
0.5	170.32	-0.61062	128.2	0.1219	170.32	-0.54085
1	137.77	-0.68981	106.39	-0.3499	137.77	-0.67556
4	48.545	0.14364	52.091	-0.31196	48.545	0.24682
12	17.97	1.5046	29.552	0.94887	17.97	1.4494
24	10.222	0.91049	16.475	-0.033241	10.222	0.91139
0.5	189.33	0.47251	223.65	0.38571	189.33	0.60413
1	148.45	-0.60142	123.87	-0.63433	148.45	-0.51993
4	46.114	-1.6156	18.468	-0.5126	46.114	-2.0913
12	17.555	-0.64556	12.359	-0.19494	17.555	-0.5024
24	9.9826	-0.22815	8.0073	0.76003	9.9826	-0.03045
0.5	157.33	-1.5438	68.181	-0.98686	157.33	-2.3977
1	119.09	-1.372	62.932	-0.81831	119.09	-1.8173
4	29.929	1.1642	42.371	1.0469	29.929	1.1024
12	9.1086	2.4544	22.525	1.5175	9.1086	1.9816
24	4.3325	1.3793	11.56	-0.60987	4.3325	1.3994
0.5	160.19	1.057	207.17	0.98199	160.19	1.0936
1	120.4	0.77522	153.55	-0.27182	120.4	0.83113
4	29.415	0.12126	29.884	0.50236	29.415	0.27242
12	9.0565	-0.57077	5.7183	0.21551	9.0565	-0.44014
24	4.3068	-0.51662	3.1964	-0.6404	4.3068	-0.3329
0.5	147.43	-0.88044	94.022	0.020094	147.43	-0.92302
1	123.47	-0.92205	85.422	-0.50866	123.47	-0.9863
4	50.588	0.44788	51.956	0.63276	50.588	0.57366
12	18.651	0.5752	24.327	0.1413	18.651	0.69094
24	10.574	0.56373	14.125	0.27525	10.574	0.68934
0.5	165.43	-0.39723	147.16	-0.17717	165.43	-0.1718
1	134.84	-0.41905	111.16	0.09503	134.84	-0.29064
4	49.077	-0.89804	37.891	-0.8517	49.077	-0.91505
12	18.098	0.23639	22.126	0.17624	18.098	0.42648
24	10.291	0.55035	14.284	0.64142	10.291	0.7603
0.5	145.04	-0.54651	147.51	-1.5141	145.04	-0.45635
1	121.9	0.64319	126.98	1.1883	121.9	0.72161
4	50.728	0.63283	55.625	0.55238	50.728	0.80193
12	18.735	-0.62498	15.428	-0.73212	18.735	-0.53502
24	10.615	-0.19626	8.8418	0.55137	10.615	0.0096529
0.5	159.37	-0.84626	113.69	-0.72502	159.37	-0.84831
1	131.12	-0.51281	97.732	0.40981	131.12	-0.4197
4	49.668	0.31437	52.031	0.16365	49.668	0.36106
12	18.268	0.92977	25.195	1.2808	18.268	1.1034
24	10.381	-0.16895	10.893	-0.78007	10.381	0.079859
0.5	142.75	-0.95072	94.978	-0.45733	142.75	-1.0439
1	120.36	-0.68774	83.818	0.45028	120.36	-0.63168
4	50.847	-0.28748	46.302	-0.2803	50.847	-0.23395
12	18.818	0.58648	22.109	0.78533	18.818	0.73454
24	10.656	0.11294	11.658	-0.16947	10.656	0.35564
0.5	172.03	-1.0154	93.353	0.14479	172.03	-1.0783
1	138.77	-1.1984	82.429	-0.77599	138.77	-1.3285
4	48.35	-0.087065	40.641	0.86754	48.35	0.019785
12	17.928	-0.9161	10.268	-0.079813	17.928	-0.93888
24	10.199	-0.90448	4.2976	-0.11577	10.199	-1.0107
0.5	1493.8	-0.53808	1175.6	0.29924	1493.8	-0.34708
1	1152.5	-0.56182	989.68	-0.59836	1152.5	-0.49045
4	313.22	0.69551	400.81	0.39548	313.22	0.75473
12	92.698	0.13553	125.11	-0.37059	92.698	0.34484
24	44.087	0.48462	67.084	0.604	44.087	0.74833
0.5	1511.8	0.99406	2098.5	0.51662	1511.8	1.0668
1	1259.2	1.1106	1804.1	-0.18982	1259.2	1.1673
4	503.38	2.2265	776.51	0.80489	503.38	1.9186
12	185.24	0.057705	197.84	0.11723	185.24	0.21149
24	105.11	0.089671	115.04	-0.050932	105.11	0.31276
0.5	1359	0.065013	1537.1	-0.40717	1359	0.19061
1	1081	0.80108	1233.5	0.77621	1081	0.91953
4	335.13	0.78481	446.48	0.17327	335.13	0.98285
12	96.118	0.92732	166.61	0.55239	96.118	1.056
24	45.576	0.38226	70.974	-0.16395	45.576	0.66637
0.5	1160.6	0.22652	1343.7	-0.15981	1160.6	0.44276
1	1015.4	0.2822	1049.9	0.53335	1015.4	0.42119
4	509.47	-0.96548	378.2	-1.1525	509.47	-1.0511
12	199.49	0.048346	193.67	0.56501	199.49	0.19562
24	112.15	0.011268	112.37	0.14412	112.15	0.1797
0.5	1261	-0.11238	1229.4	0.11836	1261	0.074776
1	1088.5	-0.052941	1081.4	-0.069047	1088.5	0.069886
4	512.13	0.59689	552.37	0.45317	512.13	0.68477
12	194.91	0.0012537	215.14	-0.27246	194.91	0.20542
24	109.85	0.30446	127.57	0.41363	109.85	0.41534
0.5	1872.2	0.038566	1954.9	0.015915	1872.2	0.21586
1	1473.1	0.1521	1490.7	0.18975	1473.1	0.33432
4	464.09	-0.00468	470.77	-0.092397	464.09	0.047574
12	175.96	0.52431	231.83	0.23736	175.96	0.7037
24	100.07	0.51492	137.39	0.25396	100.07	0.67632
0.5	2032.5	1.5823	3292.4	0.237	2032.5	1.4993
1	1555.3	1.8274	2345.7	0.35325	1555.3	1.5583
4	440.63	1.9162	770.72	0.19437	440.63	1.6931
12	173.17	3.5908	480.51	0.71755	173.17	2.4155
24	98.299	2.8946	290.58	0.03276	98.299	2.2203
0.5	1937.3	1.3861	4857.6	-2.7874	1937.3	1.3208
1	1507.5	6.6362	3498.8	2.5884	1507.5	2.9268
4	454.86	0.74589	632.01	-0.39058	454.86	0.79727
12	174.75	7.1368e-05	198.38	-0.38554	174.75	0.20094
24	99.325	0.96234	156.87	0.6381	99.325	1.0733
0.5	1301.4	-0.99234	758.39	0.25534	1301.4	-1.0257
1	1048.1	-1.0364	654.64	-0.45327	1048.1	-1.1731
4	343.55	-0.19621	326.46	-0.40128	343.55	-0.11132
12	97.909	0.52185	132.04	0.7481	97.909	0.69131
24	46.305	0.028207	53.43	-0.043701	46.305	0.28665
0.5	1587.4	-0.11642	1391.5	0.906	1587.4	0.0092195
1	1197.4	-0.81769	951.35	-1.0421	1197.4	-0.89149
4	296.75	-1.1951	124.75	0.24673	296.75	-1.2227
12	90.825	-1.0389	26.132	-0.13226	90.825	-1.4727
24	43.197	-0.85766	13.155	0.17647	43.197	-1.0964
0.5	1305.2	0.7237	1652.2	0.95455	1305.2	0.85747
1	1119.8	0.13265	1397.8	-0.98068	1119.8	0.25542
4	512.07	0.84688	584.8	0.50718	512.07	0.95767
12	193.01	-0.079116	200.66	-0.090265	193.01	0.04346
24	108.92	0.09876	121.58	0.23138	108.92	0.27164
0.5	1329.5	1.118	1887.2	0.83028	1329.5	1.1569
1	1064.3	0.74096	1451.7	-0.42787	1064.3	0.82429
4	339.53	0.51153	398.59	0.3878	339.53	0.56234
12	97.008	0.30684	130.6	0.15155	97.008	0.46496
24	45.942	0.29631	66.592	0.044047	45.942	0.51648
0.5	1524.8	0.42166	1818.2	0.13616	1524.8	0.5966
1	1267.5	0.28696	1417.1	-0.1567	1267.5	0.42756
4	502.42	1.3326	679.06	0.57909	502.42	1.2287
12	184.81	1.6111	307.47	1.1459	184.81	1.5085
24	104.89	-0.2997	99.655	-0.71546	104.89	-0.081594
0.5	1922	0.2804	2044.9	0.25212	1922	0.45878
1	1321.4	-0.17984	1246.9	-0.53032	1321.4	-0.026478
4	236.07	1.9466	502.57	0.65237	236.07	1.6359
12	86.189	1.8465	225.45	0.4533	86.189	1.5567
24	40.685	0.4772	68.474	-0.058467	40.685	0.76332
0.5	1616.6	-1.4086	729.48	-0.28356	1616.6	-1.848
1	1210.6	-1.3346	620.32	-0.053803	1210.6	-1.6081
4	291.49	-0.31187	270.25	-0.16197	291.49	-0.14809
12	90.307	-0.26198	82.505	0.40115	90.307	-0.035728
24	42.94	-0.50386	29.821	0.065934	42.94	-0.29984
0.5	1329.5	0.68351	1954.3	-0.51457	1329.5	0.82234
1	1064.3	1.4362	1356.2	1.5719	1064.3	1.3091
4	339.53	-0.99288	191.81	-0.096042	339.53	-1.0286
12	97.008	-0.95334	40.224	0.29441	97.008	-1.0628
24	45.942	-0.79498	20.843	-0.46532	45.942	-0.8396
0.5	1457.4	-0.057485	1465.3	0.089391	1457.4	0.083846
1	1134	-0.26153	1036.2	-0.091169	1134	-0.14151
4	319.4	-0.60375	253.14	-0.36523	319.4	-0.45038
12	93.53	0.15014	107.93	0.52434	93.53	0.37321
24	44.463	-0.043843	46.45	0.10113	44.463	0.29323
0.5	1593.7	0.27851	1985	-0.55125	1593.7	0.41446
1	1311.2	0.63135	1443.1	0.93769	1311.2	0.71731
4	496.68	-1.1217	304.24	-0.43272	496.68	-1.2141
12	182.68	-0.87551	108.87	-0.034387	182.68	-0.89045
24	103.81	-0.62453	65.697	0.32105	103.81	-0.52447
0.5	1422.9	1.2523	2002.1	0.77822	1422.9	1.2192
1	1115.9	0.486	1291	0.15116	1115.9	0.6705
4	325.09	-0.76877	207.57	0.16901	325.09	-0.75298
12	94.378	-0.54646	70.136	0.19338	94.378	-0.37572
24	44.837	-0.79723	21.805	-0.20992	44.837	-0.81851
0.5	1811.8	-1.2222	1007.7	-0.38926	1811.8	-1.4575
1	1440	-1.1576	882.9	-0.33543	1440	-1.2911
4	472.2	0.10191	437.94	0.72326	472.2	0.17351
12	177.19	-0.60435	160.11	-1.9149	177.19	-0.45095
24	100.81	0.17588	95.338	1.1274	100.81	0.36597
0.5	1820	-0.88714	1147.6	0.28685	1820	-0.8774
1	1290.2	-0.92254	904.51	-0.79108	1290.2	-0.92055
4	254.33	0.21231	310.74	0.2004	254.33	0.36123
12	87.357	0.27086	112.35	0.38585	87.357	0.51545
24	41.362	-0.094814	42.137	0.067142	41.362	0.25714
0.5	1486.5	-1.2937	607.36	0.7014	1486.5	-1.622
1	1242.7	-1.6369	549.47	-1.0757	1242.7	-2.1309
4	505.1	-1.0573	332.77	-0.6505	505.1	-1.1138
12	186.09	-0.29915	158.2	0.3409	186.09	-0.15189
24	105.53	-0.36227	82.083	0.2211	105.53	-0.1524
0.5	1405.3	-0.81781	937.74	-0.10128	1405.3	-0.85496
1	1188.7	-0.76573	848.64	-0.25863	1188.7	-0.76016
4	509.47	0.31449	494.85	0.67975	509.47	0.42009
12	189.01	0.022205	197.69	0.036594	189.01	0.12819
24	106.97	-0.015564	104.68	0.14158	106.97	0.12032
0.5	1481.5	-0.62906	1360.4	-1.0397	1481.5	-0.53163
1	1146.3	0.19358	1044.4	1.2776	1146.3	0.3302
4	315.33	-0.53799	242.21	0.014342	315.33	-0.5068
12	92.973	-0.85474	41.47	0.0686	92.973	-1.0029
24	44.212	-0.67753	20.849	-0.023256	44.212	-0.7664
0.5	1349	-0.39879	1217.9	-0.40213	1349	-0.24389
1	1075.4	0.28897	1032.5	0.95013	1075.4	0.42615
4	336.64	0.57931	400.48	0.28598	336.64	0.67755
12	96.413	-0.46349	68.246	0.58052	96.413	-0.30004
24	45.698	-0.58934	28.628	-0.63454	45.698	-0.40081
0.5	1538	0.38272	1827.1	0.054289	1538	0.55003
1	1276	0.68848	1516.9	0.26969	1276	0.7746
4	501.41	1.3495	647.29	0.32814	501.41	1.3448
12	184.39	1.3096	298.1	0.52229	184.39	1.2301
24	104.68	0.95344	170.78	-0.080096	104.68	1.0391
0.5	1320	-0.95797	812.57	0.068256	1320	-1.0036
1	1058.9	-1.3224	601.82	-0.6973	1058.9	-1.5821
4	340.91	-1.3956	166.69	-0.95952	340.91	-1.5703
12	97.307	-0.76396	55.264	0.84965	97.307	-0.68576
24	46.063	-0.92888	16.772	-0.033692	46.063	-1.0804
0.5	1792.6	-0.59862	1380	-0.14658	1792.6	-0.49609
1	1429.3	-0.32163	1180.5	0.27284	1429.3	-0.19302
4	474.68	0.34414	497.32	0.46201	474.68	0.50004
12	177.6	-0.52989	123.8	0.2474	177.6	-0.38056
24	101.05	-0.58369	61.906	-0.19871	101.05	-0.39586
0.5	1445.7	-0.012905	1433.8	0.37094	1445.7	0.12968
1	1127.9	-0.065341	1129.5	-0.34306	1127.9	0.10397
4	321.35	0.074361	329.42	0.14515	321.35	0.19518
12	93.811	-0.2586	95.129	-0.22126	93.811	-0.051218
24	44.588	0.095759	51.669	0.49034	44.588	0.34556
0.5	1445.7	-0.8597	1051.1	-0.57475	1445.7	-0.82602
1	1127.9	-0.59822	788.35	0.72865	1127.9	-0.52339
4	321.35	-0.80477	212.43	-0.049763	321.35	-0.75892
12	93.811	-0.72869	51.067	0.43788	93.811	-0.65729
24	44.588	-0.97058	10.306	-0.24621	44.588	-1.5385
0.5	1486.5	-0.047205	1748.1	-0.72075	1486.5	0.12902
1	1242.7	0.80995	1542	0.5387	1242.7	0.88936
4	505.1	2.0728	753.41	1.206	505.1	1.7316
12	186.09	-0.10318	188.75	-0.20908	186.09	0.039853
24	105.53	-0.21309	93.235	0.05237	105.53	-0.041787
0.5	2167.4	-0.97979	1302.2	0.30884	2167.4	-1.0699
1	1617.5	-1.0468	1032.3	-0.50047	1617.5	-1.1231
4	419.45	-0.65386	300.95	0.26662	419.45	-0.59581
12	171.26	-1.0178	71.346	0.045167	171.26	-1.089
24	96.969	-0.93812	33.31	0.013006	96.969	-1.1822
0.5	1587.4	2.41	2964.2	0.52202	1587.4	1.8912
1	1197.4	2.1759	1881.4	0.41465	1197.4	1.6693
4	296.75	1.0299	493.07	-0.45351	296.75	1.0158
12	90.825	2.7791	254.45	1.3709	90.825	2.0559
24	43.197	1.0977	106.29	-0.61838	43.197	1.1302
0.5	1474.3	-0.15704	1437	0.043511	1474.3	0.049489
1	1234.7	0.1555	1248	0.31171	1234.7	0.33428
4	505.88	0.60609	566.59	0.42687	505.88	0.76117
12	186.51	-0.42167	144.09	0.39851	186.51	-0.2538
24	105.74	-0.59321	71.808	-0.33207	105.74	-0.45073
0.5	1737.7	-1.4805	894.5	-1.834	1737.7	-1.9705
1	1397.9	-0.94136	784.32	1.1537	1397.9	-0.98506
4	481.45	-0.37286	391.7	0.20706	481.45	-0.27548
12	178.86	-0.48852	129.06	0.6315	178.86	-0.38066
24	101.76	-0.84282	51.691	-0.45788	101.76	-0.76394
0.5	1782.3	-0.69684	1434.4	-0.60668	1782.3	-0.6548
1	1277.1	0.12366	1139	0.72277	1277.1	0.23494
4	261.19	0.57574	350.47	0.2764	261.19	0.65783
12	87.832	-0.0014064	97.386	0.2537	87.832	0.25794
24	41.629	-0.14708	42.885	-0.041559	41.629	0.20645
0.5	1305.2	0.25042	1660.8	-0.71283	1305.2	0.45425
1	1119.8	0.61159	1244	0.99934	1119.8	0.75593
4	512.07	-0.89489	401.19	-1.3774	512.07	-0.94424
12	193.01	0.46123	230.55	0.54424	193.01	0.54927
24	108.92	0.63623	150.69	0.35515	108.92	0.77368
0.5	1333.5	0.53349	1711.5	0.21058	1333.5	0.68985
1	1139.5	1.2563	1524.3	0.86943	1139.5	1.231
4	511.67	1.4624	774.58	-0.36738	511.67	1.395
12	191.83	-0.10907	171.52	0.928	191.83	0.059139
24	108.34	-0.81367	63.643	-0.65624	108.34	-0.81289
0.5	1654.3	-0.21272	1314.5	1.1036	1654.3	-0.046655
1	1348.4	-1.0641	1062.5	-1.6642	1348.4	-1.0863
4	490.77	-0.67086	339.34	0.39464	490.77	-0.62588
12	180.98	-1.142	80.521	0.030346	180.98	-1.1352
24	102.91	-1.0104	38.859	-0.029948	102.91	-1.0958
0.5	1261	-0.54443	980.03	0.19821	1261	-0.4638
1	1088.5	-0.67111	873.61	-0.46983	1088.5	-0.57601
4	512.13	0.2242	500.22	0.45949	512.13	0.34004
12	194.91	0.58153	233.34	0.91614	194.91	0.73638
24	109.85	-0.094415	116.31	-0.49352	109.85	0.12308
0.5	1532.4	-0.28178	1352.1	0.039869	1532.4	-0.19237
1	1171.5	-0.13276	1107.1	-0.278	1171.5	-0.0051452
4	306.52	0.95808	448.37	-0.024055	306.52	1.0306
12	91.883	1.2737	219.92	-0.75407	91.883	1.221
24	43.707	2.9906	142.44	1.2053	43.707	2.1199
0.5	1831.4	0.9707	2636	0.0281	1831.4	0.97273
1	1450.9	1.661	2159.4	0.27865	1450.9	1.4937
4	469.62	2.1957	782.89	0.58538	469.62	1.8657
12	176.78	0.63707	294.82	-1.1493	176.78	0.7816
24	100.56	2.1855	215.19	1.1362	100.56	1.7818
0.5	1519.3	-1.065	954.27	-0.71421	1519.3	-1.1758
1	1165.2	-0.65376	788.18	0.54814	1165.2	-0.63028
4	308.81	-0.11567	330.45	-0.68065	308.81	-0.051794
12	92.153	0.54549	134.15	0.65554	92.153	0.67289
24	43.834	0.24247	58.321	0.11656	43.834	0.53455
0.5	1601.9	1.0704	2405.4	0.07716	1601.9	1.0754
1	1204	1.5037	1759.1	0.48613	1204	1.4363
4	294.15	1.3258	508.82	0.12947	294.15	1.3223
12	90.565	2.1089	250.06	0.55416	90.565	1.8605
24	43.068	1.8294	128.84	0.035423	43.068	1.5759
0.5	1450.4	-1.4185	660.14	-0.57044	1450.4	-1.8176
1	1219	-1.2877	595.34	0.41865	1219	-1.572
4	507.28	-0.96441	342.64	-0.21354	507.28	-0.9782
12	187.35	-0.63288	134.28	0.07562	187.35	-0.5607
24	106.15	-0.66883	63.729	0.18126	106.15	-0.56552
0.5	1966.2	2.3218	3232.1	0.79351	1966.2	1.7837
1	1332.8	0.53708	1569.3	-0.55648	1332.8	0.62954
4	228.37	-0.50441	179.74	0.16657	228.37	-0.40282
12	85.728	0.21456	127.57	-0.90626	85.728	0.41544
24	40.41	1.292	84.778	0.97947	40.41	1.2749
0.5	1506.5	-0.73086	1409.6	-1.5585	1506.5	-0.66773
1	1158.8	0.60547	1185	1.2964	1158.8	0.70937
4	311.04	1.0745	449.4	0.47785	311.04	1.0054
12	92.424	-0.17216	96.647	-0.11177	92.424	0.084277
24	43.961	-0.0011526	49.707	0.19416	43.961	0.37329
0.5	1695.1	-0.6986	1421.6	-0.63379	1695.1	-0.60629
1	1243.9	0.24363	1212.3	0.57928	1243.9	0.40939
4	277.18	1.7711	490.96	0.80974	277.18	1.6288
12	89.047	-0.046807	99.065	0.068255	89.047	0.22648
24	42.289	-0.054876	47.649	-0.028875	42.289	0.16991
0.5	1390.1	-1.35	709.16	-0.59531	1390.1	-1.6399
1	1098.2	-1.4216	580.98	-0.26553	1098.2	-1.6845
4	330.33	-0.97496	187.77	0.25955	330.33	-0.98665
12	95.241	-1.1207	30.005	-1.0991	95.241	-1.5522
24	45.207	-0.83624	13.811	1.0019	45.207	-0.99993
0.5	1720.3	-0.23006	1587.7	0.13388	1720.3	-0.077611
1	1387.7	-0.47831	1152.3	-0.15814	1387.7	-0.40807
4	483.5	-1.2098	258.73	-0.29352	483.5	-1.4182
12	179.28	-0.86406	99.994	-0.050624	179.28	-0.87725
24	101.99	-0.70536	54.498	0.36638	101.99	-0.66167
0.5	1831.4	-0.41883	1623.8	-0.36902	1831.4	-0.30186
1	1450.9	-0.211	1217	0.42837	1450.9	-0.080725
4	469.62	-0.68153	370.49	-0.55635	469.62	-0.64934
12	176.78	0.056368	180.59	0.459	176.78	0.20444
24	100.56	-0.082448	98.461	0.14619	100.56	0.17486
0.5	1703.2	-1.2362	843.36	-0.33007	1703.2	-1.5884
1	1377.7	-1.3106	659.89	0.37687	1377.7	-1.62
4	485.45	-1.7033	163.99	0.10976	485.45	-2.4071
12	179.7	-1.7092	19.921	0.061295	179.7	-2.8725
24	102.22	-1.4155	7.7771	-0.30371	102.22	-3.1001
0.5	1339.2	-0.74699	970.47	-0.19452	1339.2	-0.7459
1	1069.8	-0.53193	819.95	0.1777	1069.8	-0.39733
4	338.11	0.1631	340.29	0.59801	338.11	0.26167
12	96.71	-0.22894	93.666	0.37669	96.71	0.017875
24	45.82	-0.57852	32.215	-0.29022	45.82	-0.38576
0.5	1737.7	-0.35843	1547.5	-0.21534	1737.7	-0.15706
1	1397.9	-0.53887	1069	0.20263	1397.9	-0.46816
4	481.45	-1.4563	230.81	-0.66306	481.45	-1.8518
12	178.86	-0.77004	100.5	0.51101	178.86	-0.77032
24	101.76	-0.85884	46.877	0.034772	101.76	-0.95388
0.5	1469.3	0.51487	1580.4	1.0393	1469.3	0.6273
1	1140.1	-0.44604	1138.1	-1.3567	1140.1	-0.35401
4	317.39	0.034129	314.53	0.60643	317.39	0.15979
12	93.251	0.031623	114.3	0.088766	93.251	0.23735
24	44.338	-0.45208	34.628	7.363e-05	44.338	-0.28004
0.5	1450.4	0.12951	1775.3	-0.6402	1450.4	0.29396
1	1219	0.95786	1490.1	0.99142	1219	1.0563
4	507.28	0.58601	589.33	0.19564	507.28	0.71618
12	187.35	-0.18342	184.4	-0.09227	187.35	0.024813
24	106.15	0.025264	113	0.25458	106.15	0.2047
0.5	1493.8	-0.52507	1189.5	0.23158	1493.8	-0.4341
1	1152.5	-0.59967	933.13	-0.3883	1152.5	-0.61357
4	313.22	-0.46358	235.49	0.36784	313.22	-0.35303
12	92.698	-1.0179	33.324	-0.60287	92.698	-1.3621
24	44.087	-0.7116	18.299	0.59114	44.087	-0.7803
0.5	1445.7	0.17781	1479.1	0.67947	1445.7	0.39291
1	1127.9	0.040151	1164	-0.25344	1127.9	0.19984
4	321.35	-0.15223	294.38	0.47687	321.35	-0.032291
12	93.811	-0.99788	35.722	0.055623	93.811	-1.1945
24	44.588	-0.79491	19.595	-0.18368	44.588	-0.8415
0.5	1524.8	-0.56176	1110.6	0.5728	1524.8	-0.46698
1	1267.5	-0.89486	909.79	-0.80213	1267.5	-0.94523
4	502.42	-0.95576	329.97	-0.109	502.42	-1.0436
12	184.81	-0.89936	105.37	-0.045379	184.81	-0.92313
24	104.89	-0.81466	52.567	0.26725	104.89	-0.84089
0.5	1481.5	-1.0643	966.92	-0.97135	1481.5	-1.3619
1	1146.3	-0.9864	623.89	1.1475	1146.3	-1.0266
4	315.33	-1.6135	90.21	-0.44609	315.33	-2.0761
12	92.973	-1.2563	16.264	0.4724	92.973	-1.9979
24	44.212	-1.2468	2.0708	-0.51549	44.212	-2.381
